10
0 681 335 725 1215 657 210 1325 372 227
681 0 675 152 1537 1080 886 1494 694 454
335 675 0 827 1547 405 364 1660 704 518
725 152 827 0 1470 1232 930 1373 657 498
1215 1537 1547 1470 0 1825 1378 580 843 1136
657 1080 405 1232 1825 0 447 1949 982 879
210 886 364 930 1378 447 0 1502 535 432
1325 1494 1660 1373 580 1949 1502 0 967 1204
372 694 704 657 843 982 535 967 0 293
227 454 518 498 1136 879 432 1204 293 0
3832
3 1 2 5 6 0 9 8 4 7