9
0 140 1194 1362 688 167 481 220 325
140 0 1054 1277 640 185 341 154 382
1194 1054 0 784 731 1164 749 997 1436
1362 1277 784 0 674 1306 1048 1169 1659
688 640 731 674 0 632 505 495 1002
167 185 1164 1306 632 0 451 167 492
481 341 749 1048 505 451 0 284 723
220 154 997 1169 495 167 284 0 507
325 382 1436 1659 1002 492 723 507 0
3064
2 3 4 6 7 5 1 0 8