9
0 1726 541 139 744 829 361 447 1278
1726 0 2149 1865 2173 1969 2087 1904 2864
541 2149 0 402 389 710 182 741 785
139 1865 402 0 629 838 222 400 1139
744 2173 389 629 0 330 543 1029 951
829 1969 710 838 330 0 849 1238 1272
361 2087 182 222 543 849 0 559 917
447 1904 741 400 1029 1238 559 0 1370
1278 2864 785 1139 951 1272 917 1370 0
4885
1 7 0 3 6 2 4 5 8